-2.740929e+003
-3.196626e+003
-2.515010e+003
-2.766089e+003
-2.741257e+003
-3.365844e+003
2.832735e+003
2.772711e+003
2.572793e+003
-2.821399e+003
3.135693e+003
2.999897e+003
3.057472e+003
2.903981e+003
3.264813e+003
2.580515e+003
-3.123087e+003
-3.185704e+003
-2.720879e+003
-2.889193e+003
3.277500e+003
-2.723536e+003
-3.008599e+003
2.936878e+003
3.200627e+003
3.250295e+003
2.868359e+003
-3.129872e+003
2.508369e+003
-2.869984e+003
2.511376e+003
-3.060360e+003
-2.628750e+003
2.849402e+003
-2.938534e+003
-2.923456e+003
2.927669e+003
2.980146e+003
-2.871138e+003
2.443774e+003
2.816563e+003
-3.043859e+003
-2.991946e+003
-3.200570e+003
-3.088079e+003
-3.179784e+003
2.890754e+003
-3.120104e+003
3.000929e+003
-2.453628e+003
2.838066e+003
-2.845390e+003
2.555829e+003
2.588972e+003
-2.624616e+003
2.778168e+003
3.271138e+003
2.395838e+003
2.575659e+003
-2.825525e+003
-3.423475e+003
-2.560538e+003
2.927461e+003
3.000210e+003
2.884476e+003
3.022369e+003
-3.339553e+003
3.435095e+003
2.854141e+003
-3.258922e+003
-3.177086e+003
-3.030855e+003
-2.735420e+003
3.031197e+003
-3.076960e+003
2.378899e+003
-3.324201e+003
2.716138e+003
-2.988030e+003
2.693953e+003
-2.671241e+003
2.918245e+003
2.630853e+003
-2.975728e+003
2.849048e+003
-3.189124e+003
-3.083888e+003
2.734648e+003
-3.536102e+003
-3.004407e+003
2.886470e+003
-2.988548e+003
3.102543e+003
-3.076103e+003
-2.707175e+003
3.136676e+003
2.833237e+003
-3.042307e+003
2.851967e+003
-2.892417e+003
-3.002289e+003
-2.812215e+003
-2.731814e+003
3.661197e+003
-2.769359e+003
-2.701678e+003
-2.857296e+003
3.185991e+003
2.932619e+003
2.485863e+003
-3.023138e+003
-2.799914e+003
-2.642750e+003
-2.764600e+003
3.405734e+003
2.492921e+003
-3.003834e+003
2.500108e+003
-2.951922e+003
-3.053607e+003
2.448568e+003
-3.002153e+003
-2.638780e+003
2.820455e+003
3.176119e+003
-3.011398e+003
-2.748073e+003
2.765491e+003
-2.971458e+003
-3.083693e+003
3.231717e+003
-3.016303e+003
-2.804532e+003
3.128272e+003
2.785427e+003
3.093063e+003
-3.089660e+003
3.341034e+003
2.975510e+003
-3.077435e+003
-2.930354e+003
-2.915236e+003
2.912322e+003
3.137045e+003
-2.844724e+003
-2.577176e+003
2.779931e+003
-3.077465e+003
-3.005922e+003
-2.928577e+003
3.047062e+003
-2.679843e+003
2.887072e+003
-2.817782e+003
2.751508e+003
-2.899465e+003
2.786120e+003
-2.746302e+003
-3.411467e+003
-3.031433e+003
-2.647484e+003
2.653977e+003
3.066210e+003
-3.252273e+003
-2.724587e+003
3.021215e+003
2.572375e+003
2.589255e+003
-2.792414e+003
-2.697893e+003
-3.278413e+003
-2.953441e+003
-2.756253e+003
2.830590e+003
2.900952e+003
-3.135197e+003
-3.328603e+003
-3.098640e+003
2.927771e+003
2.942401e+003
-2.698144e+003
2.898007e+003
2.802184e+003
3.030785e+003
2.898808e+003
3.187945e+003
2.863418e+003
-3.061878e+003
2.726248e+003
2.852519e+003
-2.976565e+003
-3.337708e+003
-2.952945e+003
2.596592e+003
-2.809861e+003
2.954286e+003
2.614185e+003
3.023324e+003
-2.946523e+003
3.087339e+003
3.297196e+003
-3.344589e+003
-3.052955e+003
-2.797734e+003
2.498610e+003
2.945708e+003
2.664061e+003
-2.650423e+003
3.045203e+003
-2.922000e+003
-2.725545e+003
-3.153190e+003
-2.792449e+003
-2.947226e+003
2.957806e+003
-3.173767e+003
-3.014723e+003
-2.827675e+003
-2.716718e+003
3.329034e+003
-3.095789e+003
2.731683e+003
-2.435161e+003
2.825935e+003
-2.775286e+003
3.092760e+003
-2.782558e+003
3.164461e+003
2.935783e+003
3.287773e+003
-3.508129e+003
2.864375e+003
-3.031263e+003
2.888820e+003
2.755339e+003
-2.905482e+003
2.916196e+003
2.968159e+003
-2.515942e+003
2.720850e+003
-3.016745e+003
3.054279e+003
-2.681132e+003
-2.640292e+003
-2.582750e+003
-2.576501e+003
2.738713e+003
-2.683574e+003
2.921595e+003
2.538040e+003
2.626603e+003
3.101741e+003
2.856109e+003
2.906418e+003
-2.963862e+003
-2.757606e+003
-3.092641e+003
2.494537e+003
-2.574079e+003
-2.878229e+003
2.603033e+003
2.759541e+003
-2.547924e+003
3.064233e+003
3.229791e+003
-2.776758e+003
3.006896e+003
-2.582733e+003
-2.779937e+003
2.922350e+003
-3.126415e+003
-2.906112e+003
2.586532e+003
2.849763e+003
2.995066e+003
2.931917e+003
2.762845e+003
-2.869570e+003
-2.809152e+003
-2.517787e+003
-2.318315e+003
2.757578e+003
2.643821e+003
-2.431766e+003
2.948407e+003
-2.929635e+003
2.971976e+003
2.765257e+003
-2.725581e+003
2.489723e+003
2.745844e+003
3.387931e+003
-3.142157e+003
-2.986375e+003
2.811832e+003
2.742037e+003
-2.965419e+003
-3.083621e+003
-2.701180e+003
3.203526e+003
-3.185120e+003
2.965889e+003
-2.898729e+003
-2.861177e+003
-3.010657e+003
-2.631668e+003
2.853776e+003
-3.279625e+003
3.010151e+003
2.923689e+003
-3.002258e+003
2.820702e+003
3.088728e+003
2.919374e+003
2.814870e+003
2.959102e+003
-2.703074e+003
-2.761036e+003
-2.766237e+003
2.916130e+003
-3.296537e+003
3.057860e+003
-3.243044e+003
2.604586e+003
2.571727e+003
-2.514481e+003
2.819799e+003
3.167024e+003
-2.803127e+003
3.209824e+003
2.920687e+003
2.685975e+003
3.330273e+003
3.002100e+003
3.117645e+003
3.206011e+003
2.651630e+003
2.957146e+003
-2.881985e+003
2.858588e+003
-2.693337e+003
-3.410406e+003
2.922226e+003
-2.595815e+003
2.851477e+003
-2.822308e+003
-2.557394e+003
-3.103629e+003
2.861038e+003
2.851616e+003
-2.681040e+003
-2.954283e+003
3.082129e+003
-2.807468e+003
2.597764e+003
-2.770499e+003
-2.794077e+003
2.632636e+003
3.143012e+003
-3.255684e+003
-3.060804e+003
3.296332e+003
-2.865634e+003
2.775224e+003
2.488673e+003
3.013336e+003
-3.102033e+003
-3.095692e+003
2.908231e+003
2.800119e+003
-2.660063e+003
3.102989e+003
-2.697080e+003
-3.075692e+003
2.856760e+003
2.804516e+003
-2.805810e+003
2.796116e+003
2.951963e+003
3.028199e+003
2.948925e+003
-2.832197e+003
-2.665647e+003
-3.166423e+003
2.978650e+003
3.164302e+003
2.801564e+003
2.627582e+003
-3.207744e+003
-2.905112e+003
2.801909e+003
-2.681977e+003
-2.613706e+003
-2.888280e+003
-3.132911e+003
-2.726209e+003
-3.320761e+003
2.978936e+003
2.903121e+003
3.313631e+003
-2.563167e+003
2.931712e+003
-2.708621e+003
2.880632e+003
3.098318e+003
2.703082e+003
2.774949e+003
2.835498e+003
3.139252e+003
-3.107351e+003
-2.843237e+003
2.666824e+003
2.979303e+003
-3.036077e+003
-2.978312e+003
2.843116e+003
2.516292e+003
2.586529e+003
2.636376e+003
-3.036544e+003
-2.821493e+003
-2.806341e+003
2.865487e+003
2.727781e+003
-2.886535e+003
-3.142519e+003
-2.683966e+003
-2.525413e+003
-2.921017e+003
3.082187e+003
3.160312e+003
-2.773674e+003
-2.870921e+003
-2.545914e+003
2.574068e+003
2.797178e+003
-2.923485e+003
3.181350e+003
2.931751e+003
3.074229e+003
3.002813e+003
-2.995527e+003
3.026395e+003
3.115271e+003
-3.164385e+003
2.543109e+003
-3.154990e+003
2.697444e+003
-3.180196e+003
2.988193e+003
3.171192e+003
-3.137432e+003
2.923669e+003
2.835140e+003
-3.014395e+003
3.007378e+003
-2.801896e+003
-2.749067e+003
-2.783556e+003
3.474011e+003
2.626232e+003
-2.971961e+003
2.912043e+003
-3.034508e+003
2.820950e+003
3.131823e+003
-3.039518e+003
2.983459e+003
-3.091951e+003
2.733514e+003
2.784061e+003
2.749244e+003
3.216743e+003
-2.692823e+003
-3.000990e+003
-2.746779e+003
-2.974946e+003
-2.983308e+003
2.518824e+003
2.642399e+003
-3.008967e+003
2.956543e+003
-3.022743e+003
2.709267e+003
-2.917455e+003
2.764763e+003
2.895482e+003
-2.995567e+003
-2.921498e+003
2.952803e+003
-3.251439e+003
-2.969747e+003
-3.040755e+003
-3.098724e+003
2.837280e+003
-3.168857e+003
-3.307294e+003
-3.305972e+003
-3.066835e+003
2.898620e+003
-2.644304e+003
-3.560572e+003
3.423738e+003
-2.896899e+003
2.644883e+003
-3.071559e+003
-3.240879e+003
-3.156883e+003
-3.556454e+003
2.673483e+003
2.789237e+003
2.408229e+003
2.666781e+003
-2.773703e+003
2.412717e+003
-3.292829e+003
-2.897033e+003
-3.179591e+003
3.109069e+003
2.890330e+003
3.255249e+003
-2.504717e+003
-2.483857e+003
2.890047e+003
3.038078e+003
3.125130e+003
-2.722704e+003
-3.029783e+003
-2.544780e+003
-2.900574e+003
-2.967631e+003
2.796467e+003
3.084974e+003
2.524464e+003
-2.423329e+003
2.774743e+003
3.020917e+003
-3.240816e+003
2.683204e+003
-2.703189e+003
3.148721e+003
2.808038e+003
-2.707925e+003
-2.909504e+003
-3.427381e+003
2.678232e+003
2.930925e+003
2.958741e+003
-2.910162e+003
2.630963e+003
-2.682291e+003
2.966681e+003
3.029422e+003
3.102375e+003
2.597760e+003
-2.675629e+003
-2.786382e+003
2.969612e+003
-2.641359e+003
-2.598567e+003
2.662960e+003
2.881366e+003
2.756831e+003
3.027523e+003
-3.047630e+003
-3.267154e+003
3.265745e+003
-3.012536e+003
3.210193e+003
-2.686354e+003
2.886751e+003
3.207973e+003
-2.714366e+003
-2.904274e+003
-2.963533e+003
2.881283e+003
-2.617551e+003
2.849120e+003
2.489495e+003
-2.960139e+003
2.522911e+003
-2.737912e+003
-2.765522e+003
2.608342e+003
2.707443e+003
-2.556603e+003
2.912079e+003
2.846713e+003
-2.638649e+003
-2.974181e+003
-2.983900e+003
-2.681044e+003
-2.359071e+003
-2.916951e+003
-3.060698e+003
-2.903051e+003
-2.773381e+003
2.743566e+003
2.847070e+003
-2.996939e+003
3.230772e+003
2.659299e+003
2.619268e+003
2.843354e+003
-3.116612e+003
-2.901819e+003
-2.944706e+003
3.120260e+003
2.756675e+003
-2.578990e+003
-2.522918e+003
-2.632538e+003
2.633160e+003
-2.854363e+003
3.165436e+003
2.591147e+003
3.000101e+003
3.166297e+003
-3.172239e+003
-2.869317e+003
2.920767e+003
3.050018e+003
-2.934510e+003
-2.902849e+003
2.450473e+003
2.584498e+003
2.773641e+003
-2.821539e+003
-3.108188e+003
2.948478e+003
-2.762723e+003
2.947776e+003
2.823752e+003
-3.059639e+003
-2.785200e+003
-3.116926e+003
-3.309470e+003
2.772314e+003
-2.975969e+003
2.907527e+003
-2.747389e+003
-2.553771e+003
-2.941004e+003
-2.946879e+003
-2.624975e+003
2.952852e+003
2.883486e+003
2.651060e+003
-2.756918e+003
2.830968e+003
-2.785210e+003
-2.956639e+003
-3.030383e+003
2.748050e+003
2.511096e+003
-2.296018e+003
3.004240e+003
2.820659e+003
-2.975912e+003
3.038035e+003
-3.013129e+003
3.120592e+003
2.632883e+003
2.865064e+003
2.930066e+003
-2.885651e+003
3.032396e+003
-2.918070e+003
2.579561e+003
2.545867e+003
2.685757e+003
3.412559e+003
-2.604807e+003
2.841371e+003
-2.884768e+003
-2.823779e+003
-2.870216e+003
3.202682e+003
-2.960027e+003
2.972252e+003
2.944623e+003
2.981566e+003
3.196611e+003
-2.854781e+003
2.599944e+003
2.766918e+003
2.662610e+003
2.983863e+003
-3.138249e+003
2.863971e+003
2.476163e+003
2.461781e+003
-3.007307e+003
-2.694269e+003
-2.910656e+003
-3.045308e+003
-3.331393e+003
2.984373e+003
2.657030e+003
3.340389e+003
-2.732153e+003
-2.964371e+003
-2.950907e+003
2.776593e+003
-3.252033e+003
2.678063e+003
2.531019e+003
-3.116798e+003
2.653478e+003
2.883920e+003
2.694733e+003
-2.905563e+003
2.937725e+003
2.981947e+003
3.080518e+003
-3.298675e+003
-3.145612e+003
2.847033e+003
-2.674216e+003
2.768764e+003
-3.006116e+003
3.199556e+003
2.925191e+003
-3.064792e+003
2.812735e+003
2.900391e+003
2.617929e+003
-2.757303e+003
3.250923e+003
3.060148e+003
-3.069034e+003
2.966957e+003
-2.854539e+003
2.628505e+003
-2.859922e+003
2.481891e+003
2.715865e+003
-2.844481e+003
-2.795249e+003
-2.881632e+003
-2.269553e+003
2.858306e+003
2.967090e+003
-2.893619e+003
-3.616910e+003
-2.637776e+003
2.977618e+003
3.033449e+003
3.173387e+003
2.788680e+003
-3.353718e+003
3.089201e+003
3.083122e+003
2.769574e+003
2.669044e+003
3.109751e+003
-3.149957e+003
2.881305e+003
-2.987505e+003
3.041926e+003
2.601807e+003
2.936625e+003
2.946583e+003
-2.848276e+003
-2.890715e+003
-2.676871e+003
2.891167e+003
3.090500e+003
-2.964383e+003
-3.012886e+003
-2.842624e+003
3.096499e+003
2.899652e+003
2.830110e+003
2.825538e+003
-2.813246e+003
2.888445e+003
-2.884233e+003
-3.206479e+003
-3.095652e+003
-2.934900e+003
2.717286e+003
-3.114030e+003
-2.649564e+003
2.539492e+003
-3.118073e+003
3.336960e+003
-3.258142e+003
-2.624578e+003
-2.698053e+003
3.359436e+003
-2.943412e+003
2.938383e+003
2.802367e+003
2.882873e+003
2.505344e+003
3.223243e+003
-3.059296e+003
3.020270e+003
-3.083795e+003
-2.093630e+003
2.481279e+003
3.373786e+003
-2.375909e+003
-2.440733e+003
2.936880e+003
2.845190e+003
2.471790e+003
-2.871196e+003
-3.017950e+003
-2.986722e+003
-2.493331e+003
-2.891989e+003
-2.682772e+003
2.769808e+003
-2.912341e+003
-3.262728e+003
-2.991945e+003
2.804786e+003
3.338815e+003
-2.920404e+003
-2.978018e+003
-3.109349e+003
-3.070619e+003
-2.937184e+003
2.621201e+003
-2.501163e+003
2.471152e+003
2.989297e+003
-2.990190e+003
-3.075422e+003
-2.820263e+003
3.044355e+003
2.752698e+003
-2.863642e+003
-2.822478e+003
3.306651e+003
-2.644058e+003
-2.843038e+003
-2.650732e+003
2.879465e+003
2.627380e+003
2.926018e+003
-2.630689e+003
-2.848267e+003
-2.755474e+003
3.157474e+003
-3.106930e+003
-2.626411e+003
2.716128e+003
2.756023e+003
2.845072e+003
2.618867e+003
-2.998942e+003
-2.715551e+003
-2.460453e+003
2.538547e+003
-2.791088e+003
2.354709e+003
-2.971193e+003
2.854091e+003
-2.410945e+003
-2.980983e+003
3.353312e+003
-3.201476e+003
-3.181214e+003
-2.894903e+003
-2.916103e+003
-3.066654e+003
-3.036499e+003
3.239121e+003
3.234446e+003
-2.683560e+003
2.519181e+003
-2.956221e+003
-3.113604e+003
2.687763e+003
2.674154e+003
-2.551363e+003
2.990041e+003
2.696678e+003
2.817872e+003
2.842102e+003
-2.720486e+003
3.140332e+003
2.641349e+003
-2.934188e+003
-2.675460e+003
-2.793614e+003
-2.741766e+003
-2.762539e+003
-3.035737e+003
-2.590059e+003
-2.581214e+003
2.769496e+003
-2.813828e+003
-3.005971e+003
3.070459e+003
-3.020088e+003
2.671783e+003
3.060499e+003
-2.371072e+003
-2.787221e+003
-2.543503e+003
2.991854e+003
2.905056e+003
-2.808675e+003
-2.949367e+003
3.073572e+003
3.032680e+003
2.960653e+003
-2.753485e+003
-2.823301e+003
3.115156e+003
3.031455e+003
-2.755603e+003
-2.935641e+003
-2.680125e+003
2.697549e+003
2.844107e+003
2.933922e+003
-2.923983e+003
-3.377164e+003
-2.905049e+003
-2.479031e+003
-2.818921e+003
-2.393411e+003
2.512601e+003
3.028233e+003
3.164498e+003
2.496086e+003
-2.710856e+003
-3.255529e+003
2.971089e+003
3.100112e+003
-2.282662e+003
3.085987e+003
3.361634e+003
2.793121e+003
-3.302286e+003
2.563613e+003
-3.045454e+003
-2.797313e+003
2.939239e+003
2.620268e+003
-2.677809e+003
-2.538206e+003
3.136802e+003
-2.660589e+003
2.871371e+003
3.062153e+003
-2.995536e+003
-2.672701e+003
-3.138612e+003
-2.373849e+003
-2.605685e+003
-2.585953e+003
3.160498e+003
-2.987381e+003
-2.644862e+003
-2.848660e+003
3.466851e+003
2.831548e+003
-2.597956e+003
-3.032061e+003
-3.028514e+003
3.030960e+003
2.835696e+003
-2.697283e+003
-2.404048e+003
-2.612137e+003
3.424868e+003
-2.802392e+003
3.075211e+003
-2.737472e+003
2.816436e+003
-2.747825e+003
2.931581e+003
3.101138e+003
2.788904e+003
2.524754e+003
3.208059e+003
-3.216743e+003
2.811736e+003
-2.603425e+003
-2.856077e+003
2.787437e+003
3.021465e+003
3.060652e+003
-2.979795e+003
-2.542878e+003
-2.742267e+003
2.828795e+003
-2.717800e+003
-2.990618e+003
-3.032390e+003
-2.841873e+003
2.888785e+003
-2.899024e+003
3.177335e+003
3.616643e+003
-2.894520e+003
3.028894e+003
2.858137e+003
-3.191018e+003
-3.034292e+003
-2.405060e+003
-3.188424e+003
2.711316e+003
-2.669280e+003
2.807052e+003
-3.167765e+003
3.051167e+003
-3.254867e+003
2.841983e+003
-3.141612e+003
2.728429e+003
-2.741983e+003
-2.991671e+003
3.104959e+003
-2.515700e+003
-2.753225e+003
-3.061568e+003
2.942760e+003
2.748488e+003
-2.283596e+003
-3.037058e+003
-2.687834e+003
-3.121672e+003
-2.819837e+003
3.112812e+003
2.744595e+003
-2.675653e+003
-3.117183e+003
-2.859124e+003
2.943639e+003
-2.487930e+003
-3.286640e+003
-2.959671e+003
2.872560e+003
2.756414e+003
2.681940e+003
2.508914e+003
3.502561e+003
2.824259e+003
2.828399e+003
3.126303e+003
-3.125533e+003
-3.006126e+003
-3.088359e+003
2.920511e+003
3.070825e+003
3.000438e+003
-2.791872e+003
2.687600e+003
-2.953893e+003
2.886280e+003
-2.800689e+003
2.581395e+003
-3.093758e+003
-3.088378e+003
2.717338e+003
-2.706088e+003
3.299219e+003
3.124704e+003
-3.139233e+003
-3.441970e+003
-2.824214e+003
3.043980e+003
-2.855008e+003
-3.159771e+003
-2.762654e+003
2.344667e+003
2.766756e+003
2.758867e+003
-2.560487e+003
-2.921256e+003
2.495983e+003
-3.201125e+003
2.911919e+003
2.881471e+003
2.818831e+003
2.697348e+003
2.627175e+003
-2.775358e+003
3.177994e+003
-2.903828e+003
3.264593e+003
3.018663e+003
2.897820e+003
-2.660105e+003
-2.710428e+003
2.884551e+003
2.698330e+003
2.923582e+003
3.037384e+003
-3.147009e+003
-3.197502e+003
-2.797410e+003
-3.025234e+003
-3.058593e+003
3.424305e+003
-2.742551e+003
-3.127022e+003
3.384017e+003
-2.913544e+003
-2.480776e+003
-2.756923e+003
-3.034395e+003
-2.891983e+003
-2.938880e+003
-3.373958e+003
2.901475e+003
-2.735380e+003
2.901873e+003
-2.382305e+003
-3.456160e+003
3.240847e+003
-2.992869e+003
2.678463e+003
-2.936420e+003
-2.814252e+003
2.886325e+003
-3.275777e+003
-3.453625e+003
3.144046e+003
2.908476e+003
-2.842307e+003
2.557773e+003
-2.993258e+003
-2.574395e+003
-2.831901e+003
-3.079393e+003
2.785867e+003
-2.833627e+003
-2.911373e+003
-3.002270e+003
-2.665291e+003
3.028406e+003
-3.089766e+003
-2.553856e+003
-2.618896e+003
-2.976187e+003
-2.857875e+003
-2.685897e+003
2.586060e+003
-2.892265e+003
-2.553202e+003
-2.294290e+003
3.021847e+003
-2.854766e+003
-2.794855e+003
-2.474032e+003
3.010199e+003
-2.806161e+003
2.965734e+003
3.176962e+003
2.626616e+003
-2.842488e+003
-3.178054e+003
2.483710e+003
2.716893e+003
-2.468603e+003
2.929840e+003
-2.600945e+003
2.997901e+003
-2.628165e+003
-3.577043e+003
-2.401862e+003
2.521561e+003
2.933550e+003
2.339225e+003
2.640201e+003
-2.757842e+003
-2.913164e+003
-2.555275e+003
-2.969854e+003
-3.473297e+003
-2.833848e+003
-3.027053e+003
-2.899113e+003
3.263528e+003
2.608762e+003
-3.028851e+003
2.630805e+003
3.429829e+003
-3.024109e+003
2.798142e+003
-2.926673e+003
-3.281678e+003
2.661381e+003
-3.144900e+003
2.593819e+003
3.082565e+003
2.681600e+003
3.020674e+003
-2.742930e+003
-2.483553e+003
3.228625e+003
2.691316e+003
2.986951e+003
-3.242675e+003
-2.494923e+003
-3.121378e+003
-3.134280e+003
2.407097e+003
3.406258e+003
-3.398600e+003
2.762957e+003
2.970786e+003
3.151495e+003
-2.955087e+003
2.583367e+003
2.506145e+003
2.852204e+003
-2.342410e+003
-2.713262e+003
-3.012307e+003
3.042515e+003
2.968158e+003
-2.994950e+003
3.184311e+003
2.662327e+003
3.196599e+003
2.625289e+003
2.822024e+003
-2.806198e+003
3.108693e+003
-2.773305e+003
-2.861846e+003
-3.213373e+003
-2.966081e+003
2.721741e+003
-3.024358e+003
-2.947402e+003
-2.790754e+003
-2.992639e+003
3.306931e+003
-2.856868e+003
2.731809e+003
2.884783e+003
3.154046e+003
2.913834e+003
2.700140e+003
2.639212e+003
-2.842514e+003
3.019000e+003
2.979385e+003
-2.783058e+003
3.002401e+003
-2.829286e+003
2.847616e+003
3.081035e+003
2.936952e+003
-2.770715e+003
-2.959850e+003
-2.676545e+003
2.550749e+003
-2.784605e+003
2.857003e+003
-2.977975e+003
2.742716e+003
-3.055719e+003
3.070194e+003
3.161314e+003
2.743007e+003
-2.923327e+003
2.633702e+003
2.704270e+003
-2.660151e+003
-2.777559e+003
3.096235e+003
-2.810370e+003
3.360088e+003
2.840427e+003
3.067400e+003
-2.854478e+003
-2.910457e+003
-2.754822e+003
-2.575162e+003
-2.709823e+003
2.256981e+003
3.106470e+003
-2.925201e+003
-2.731457e+003
-2.961491e+003
2.982373e+003
3.312839e+003
2.617575e+003
2.530939e+003
2.959632e+003
-2.850467e+003
-2.777934e+003
-3.101875e+003
-2.921140e+003
-2.915654e+003
3.325167e+003
-2.622238e+003
3.246263e+003
-3.031160e+003
2.580634e+003
2.689835e+003
1.984358e+003
2.704484e+003
2.819804e+003
-2.530749e+003
-2.541811e+003
-2.689978e+003
2.716953e+003
2.996488e+003
2.923125e+003
2.362853e+003
-2.640613e+003
-2.830179e+003
-2.669896e+003
3.440930e+003
2.554903e+003
2.610447e+003
-3.123045e+003
-2.785067e+003
-3.171650e+003
3.160802e+003
-2.326881e+003
3.613013e+003
-2.845934e+003
-2.943659e+003
2.750547e+003
-3.381048e+003
3.085139e+003
-2.844124e+003
3.204346e+003
-2.713111e+003
2.947405e+003
2.896372e+003
2.962976e+003
2.876845e+003
-2.818667e+003
3.400549e+003
-2.612374e+003
2.762689e+003
-3.179697e+003
-2.499472e+003
3.060060e+003
2.837759e+003
2.380362e+003
2.749671e+003
-2.900652e+003
-2.632680e+003
2.480995e+003
-2.994582e+003
2.496546e+003
-3.115638e+003
2.964295e+003
-2.983711e+003
3.084798e+003
2.570180e+003
-3.187826e+003
-3.037974e+003
-3.031060e+003
-2.625537e+003
-2.493739e+003
-2.829916e+003
-2.884532e+003
-3.112669e+003
-3.107858e+003
-2.986297e+003
2.466737e+003
2.971425e+003
3.230052e+003
3.143229e+003
2.767491e+003
-3.208909e+003
3.123164e+003
-3.087949e+003
3.372466e+003
2.781049e+003
2.759434e+003
2.985323e+003
-2.931927e+003
2.731053e+003
-2.846979e+003
2.654389e+003
2.903600e+003
-2.755244e+003
-3.056406e+003
-2.889420e+003
-2.700529e+003
-2.613966e+003
-2.817124e+003
-2.909174e+003
2.629244e+003
-2.558094e+003
2.432881e+003
2.785950e+003
-3.032290e+003
-3.080867e+003
3.061242e+003
-2.900335e+003
-2.980125e+003
-2.922436e+003
-2.679476e+003
2.837086e+003
-2.897901e+003
-2.917341e+003
-2.959583e+003
3.175125e+003
2.867097e+003
3.263743e+003
2.577572e+003
2.842333e+003
2.672279e+003
2.729689e+003
-2.742038e+003
3.200230e+003
-2.685533e+003
2.866849e+003
3.265136e+003
2.753451e+003
-3.052909e+003
2.778610e+003
-3.065309e+003
-2.393987e+003
2.826327e+003
-2.622039e+003
-2.759454e+003
-2.621420e+003
-2.652475e+003
-2.909356e+003
-3.057158e+003
3.088064e+003
-2.997369e+003
3.086666e+003
2.861716e+003
-2.968603e+003
2.755466e+003
-2.876327e+003
-3.340816e+003
3.178326e+003
-2.848227e+003
-3.061411e+003
-2.998226e+003
-3.011022e+003
2.818617e+003
2.923998e+003
-2.506949e+003
-2.620736e+003
2.441192e+003
-2.754123e+003
2.767667e+003
2.769324e+003
-2.993195e+003
2.964456e+003
3.084489e+003
2.462642e+003
-2.916054e+003
-3.454305e+003
2.756462e+003
3.079527e+003
-2.644540e+003
-3.118936e+003
-2.918611e+003
-2.943772e+003
-2.942412e+003
2.413131e+003
2.832704e+003
-3.552158e+003
-3.121651e+003
2.838677e+003
-2.667969e+003
-3.078792e+003
-2.558633e+003
-2.385669e+003
2.498271e+003
3.051212e+003
3.127547e+003
-2.961939e+003
2.674044e+003
-2.745017e+003
-3.053862e+003
-2.772263e+003
-2.964449e+003
3.005497e+003
3.423383e+003
2.708096e+003
-3.340780e+003
-2.702836e+003
2.835457e+003
-3.037648e+003
-3.391749e+003
-2.819504e+003
2.893540e+003
-3.065146e+003
2.970310e+003
-3.093733e+003
2.693285e+003
3.121388e+003
2.953011e+003
2.703766e+003
-2.636729e+003
2.779671e+003
3.459085e+003
-3.016261e+003
2.856652e+003
-2.954218e+003
3.142009e+003
-2.471227e+003
2.437605e+003
-3.033208e+003
2.720634e+003
-2.925887e+003
2.922149e+003
2.997119e+003
-3.465936e+003
-3.311565e+003
3.229104e+003
-2.720120e+003
2.775571e+003
2.816292e+003
-2.942884e+003
-2.543599e+003
2.717098e+003
2.502554e+003
2.697722e+003
3.007219e+003
-2.859646e+003
2.380755e+003
-2.416431e+003
-3.028233e+003
2.934797e+003
3.277995e+003
-3.067508e+003
-2.691600e+003
-3.206400e+003
2.432554e+003
-2.793833e+003
-2.784195e+003
3.059529e+003
2.787499e+003
2.890163e+003
-2.944797e+003
2.618819e+003
2.997675e+003
2.549960e+003
3.282229e+003
3.055445e+003
3.117453e+003
3.070116e+003
-2.548989e+003
-3.096595e+003
3.164990e+003
3.474185e+003
-2.868323e+003
-2.381929e+003
2.796882e+003
3.088662e+003
3.177897e+003
-3.252833e+003
2.648233e+003
-2.662585e+003
-2.713906e+003
-3.039856e+003
2.621719e+003
2.878106e+003
3.107709e+003
3.147574e+003
-2.842762e+003
2.736736e+003
-3.147731e+003
2.757565e+003
-3.090415e+003
-2.656525e+003
-3.147607e+003
2.761519e+003
3.100166e+003
-2.952832e+003
-2.729207e+003
2.685780e+003
-2.933237e+003
-3.081338e+003
2.850267e+003
-2.670777e+003
-2.923341e+003
2.473803e+003
2.707386e+003
3.197402e+003
-2.797414e+003
-2.643419e+003
2.836209e+003
-3.038441e+003
3.013820e+003
3.030384e+003
-3.060576e+003
2.683536e+003
2.613528e+003
2.507345e+003
-2.703753e+003
-2.994163e+003
3.077516e+003
3.215759e+003
2.972738e+003
