3.552685e+003
3.123155e+003
3.008834e+003
-2.481054e+003
3.100349e+003
-2.394614e+003
-2.781544e+003
2.791914e+003
2.803909e+003
2.701171e+003
3.123446e+003
-3.241176e+003
2.687912e+003
-3.357677e+003
2.818615e+003
-3.212654e+003
3.341735e+003
-2.851232e+003
-3.185642e+003
-2.997665e+003
-2.781569e+003
-3.223463e+003
2.496072e+003
-2.859474e+003
2.776724e+003
2.760666e+003
2.524971e+003
-2.510465e+003
2.602710e+003
-2.871381e+003
2.923272e+003
-2.665881e+003
2.723260e+003
2.503234e+003
-3.295674e+003
-3.130854e+003
2.762920e+003
2.552499e+003
2.914760e+003
-3.303121e+003
-2.726245e+003
-2.318747e+003
2.885373e+003
2.791322e+003
2.795372e+003
-2.717075e+003
2.805906e+003
3.045703e+003
-2.778108e+003
3.006438e+003
2.849042e+003
2.803614e+003
-2.752978e+003
2.323304e+003
-2.739863e+003
2.976424e+003
3.091181e+003
-2.786047e+003
2.857106e+003
-2.621556e+003
2.700172e+003
2.694412e+003
-2.639196e+003
-2.676606e+003
3.020366e+003
2.835898e+003
-2.673608e+003
2.520459e+003
-2.913171e+003
-2.817719e+003
3.197924e+003
-2.333586e+003
-2.746243e+003
2.760327e+003
-2.688505e+003
-3.173893e+003
-2.550739e+003
-3.175618e+003
2.973076e+003
2.577544e+003
3.201063e+003
-3.349126e+003
3.110661e+003
2.717447e+003
2.654440e+003
-2.583210e+003
2.913679e+003
-3.069369e+003
-2.943447e+003
3.536925e+003
-2.894750e+003
2.953811e+003
2.654781e+003
2.419512e+003
-3.231901e+003
-2.771051e+003
-2.692843e+003
-2.591945e+003
3.221951e+003
-3.454110e+003
2.950182e+003
-2.819748e+003
-2.507251e+003
3.406548e+003
3.067496e+003
3.033551e+003
3.030138e+003
-2.828734e+003
2.697432e+003
-2.806162e+003
2.821801e+003
3.084552e+003
2.784163e+003
-2.760026e+003
2.870576e+003
-3.235456e+003
-2.721774e+003
-2.856985e+003
-2.989170e+003
2.798982e+003
-2.896844e+003
3.163470e+003
-2.957985e+003
2.972446e+003
2.880468e+003
2.928440e+003
2.737866e+003
3.080359e+003
-3.054209e+003
-2.850834e+003
-3.043286e+003
3.162484e+003
3.186023e+003
-3.001970e+003
3.068283e+003
-2.993166e+003
3.225746e+003
3.087307e+003
2.872272e+003
-3.027214e+003
2.605698e+003
3.068774e+003
2.924225e+003
2.875037e+003
-2.801653e+003
2.791007e+003
3.257103e+003
3.109067e+003
2.712762e+003
-2.838863e+003
2.936689e+003
2.677259e+003
-3.202864e+003
2.890123e+003
3.048054e+003
-2.943530e+003
2.756416e+003
3.208191e+003
2.739271e+003
2.678634e+003
3.283142e+003
-3.099143e+003
3.279130e+003
-3.377769e+003
-2.871141e+003
3.079700e+003
-2.894998e+003
3.321639e+003
-2.849737e+003
-2.923052e+003
2.783214e+003
-3.216842e+003
3.190439e+003
-3.195516e+003
2.662790e+003
-3.289272e+003
-3.243379e+003
-3.049122e+003
-2.794117e+003
-3.140037e+003
2.837685e+003
-3.385697e+003
3.096884e+003
-2.783171e+003
-2.938063e+003
2.630196e+003
2.809419e+003
2.868412e+003
2.870855e+003
-2.559442e+003
3.084199e+003
-2.785677e+003
2.923881e+003
-2.923018e+003
-2.967308e+003
-3.154933e+003
-3.037815e+003
2.634325e+003
2.719097e+003
2.776768e+003
2.995079e+003
-2.484843e+003
-2.996333e+003
-2.857982e+003
3.227224e+003
3.132912e+003
-3.261052e+003
3.310630e+003
-3.383172e+003
3.048862e+003
3.044825e+003
-2.611985e+003
2.742276e+003
2.664028e+003
3.096656e+003
3.089211e+003
-2.889927e+003
-2.635689e+003
3.189518e+003
2.968105e+003
-2.801624e+003
3.297209e+003
3.442465e+003
2.582337e+003
3.138853e+003
3.293428e+003
-2.940806e+003
3.279819e+003
2.845367e+003
-3.193783e+003
2.783581e+003
3.463013e+003
-3.140042e+003
2.840603e+003
-2.726705e+003
2.756721e+003
-3.142892e+003
2.928188e+003
2.955072e+003
2.996930e+003
3.012728e+003
-3.227609e+003
-2.707089e+003
-2.580108e+003
-2.899859e+003
2.880840e+003
-2.903126e+003
3.050897e+003
2.506208e+003
-2.526350e+003
-2.623176e+003
-3.178506e+003
-2.543976e+003
3.117535e+003
2.576690e+003
-3.110243e+003
-3.123480e+003
2.509988e+003
2.939667e+003
2.840342e+003
2.812175e+003
-2.874359e+003
-2.419767e+003
-2.562102e+003
-3.054610e+003
-2.830956e+003
-2.761754e+003
-2.637261e+003
2.888828e+003
3.449859e+003
-3.216760e+003
2.874279e+003
3.006399e+003
2.908369e+003
2.937322e+003
3.143940e+003
-2.846678e+003
2.963046e+003
-3.245425e+003
3.141575e+003
2.745867e+003
2.843342e+003
-2.940384e+003
2.569416e+003
-3.002429e+003
2.868860e+003
2.540323e+003
-2.700614e+003
-2.535159e+003
-2.834503e+003
3.248379e+003
-3.105849e+003
2.493637e+003
2.791152e+003
-2.909841e+003
-2.554312e+003
3.019836e+003
-2.898297e+003
2.913823e+003
2.676158e+003
-2.634117e+003
-3.276572e+003
2.651693e+003
-3.134547e+003
-2.820605e+003
-2.683936e+003
-2.619795e+003
-2.738814e+003
-2.923683e+003
-2.675574e+003
2.664669e+003
2.718662e+003
2.860796e+003
2.913900e+003
-3.214741e+003
2.555291e+003
3.208871e+003
-2.996273e+003
-2.959201e+003
2.808124e+003
2.845271e+003
3.189673e+003
-2.931690e+003
-2.304574e+003
-2.908348e+003
-2.408834e+003
-2.999301e+003
2.848161e+003
3.109163e+003
2.841183e+003
2.820034e+003
-2.773313e+003
2.972922e+003
-3.450535e+003
3.037108e+003
2.920144e+003
2.884111e+003
2.550118e+003
2.646779e+003
3.002778e+003
3.015359e+003
2.765751e+003
-2.532568e+003
-2.986272e+003
2.520761e+003
-2.821337e+003
-2.704319e+003
3.059050e+003
2.967210e+003
-2.651731e+003
-2.859186e+003
2.791654e+003
2.413982e+003
3.295936e+003
2.985140e+003
3.571479e+003
-2.597108e+003
-3.029726e+003
2.686224e+003
3.302329e+003
3.122984e+003
2.788695e+003
-2.777422e+003
-2.980545e+003
-3.183279e+003
-2.849240e+003
2.941434e+003
2.927349e+003
-2.820762e+003
-2.994767e+003
2.986405e+003
3.025591e+003
3.343977e+003
-2.376869e+003
-2.705356e+003
-2.775507e+003
-2.538609e+003
3.055858e+003
3.052871e+003
-2.894745e+003
-2.917265e+003
3.108793e+003
3.213195e+003
2.731234e+003
3.111278e+003
3.146993e+003
-3.227053e+003
-3.219836e+003
-2.680168e+003
-3.007358e+003
-3.132720e+003
-2.993263e+003
2.858621e+003
2.852264e+003
-2.763902e+003
-3.144800e+003
2.932173e+003
3.317525e+003
-3.224930e+003
-3.252142e+003
3.527056e+003
3.358446e+003
3.097402e+003
-3.161051e+003
2.949148e+003
2.904370e+003
-3.298135e+003
-2.605702e+003
-3.062683e+003
-2.498497e+003
3.012025e+003
2.792342e+003
2.671480e+003
-3.248720e+003
3.291003e+003
-3.052563e+003
2.790654e+003
-2.673187e+003
-2.697737e+003
2.835152e+003
-3.176827e+003
-3.041901e+003
-2.638914e+003
2.736516e+003
-2.969033e+003
2.572378e+003
-2.953134e+003
2.777345e+003
2.869249e+003
-3.406806e+003
2.615607e+003
2.962022e+003
2.906112e+003
2.787670e+003
2.556373e+003
2.728644e+003
-2.618559e+003
-2.538663e+003
-2.699188e+003
-2.750421e+003
2.811643e+003
-3.234293e+003
-2.506498e+003
3.138685e+003
3.084381e+003
3.101482e+003
3.072330e+003
-2.944946e+003
-2.879552e+003
3.036535e+003
-3.015434e+003
2.556056e+003
2.498018e+003
-2.881411e+003
-2.761990e+003
3.295455e+003
2.865321e+003
-2.970284e+003
3.096279e+003
2.897963e+003
-3.277267e+003
-2.613727e+003
2.935077e+003
-2.401896e+003
-2.982133e+003
-2.981538e+003
2.774518e+003
-3.073446e+003
-2.836384e+003
-2.906167e+003
2.820272e+003
-2.730201e+003
2.956217e+003
-3.347076e+003
2.904892e+003
2.891114e+003
2.809682e+003
3.110112e+003
-2.934747e+003
3.082141e+003
-3.131380e+003
-2.852367e+003
2.675190e+003
-2.973899e+003
2.912156e+003
-2.871593e+003
-3.362040e+003
3.168555e+003
-2.913258e+003
-2.936795e+003
-2.667301e+003
-2.872578e+003
-2.808871e+003
-2.864839e+003
-3.218436e+003
-2.647252e+003
-2.568081e+003
-2.591261e+003
-2.984233e+003
-3.120624e+003
-2.189700e+003
-2.484470e+003
2.577767e+003
2.390277e+003
-2.800481e+003
3.201768e+003
-2.694848e+003
-2.553282e+003
-2.786672e+003
-2.978898e+003
-2.879968e+003
-2.949715e+003
-2.658587e+003
3.076705e+003
-2.477525e+003
-2.928968e+003
3.418488e+003
-3.047100e+003
2.942702e+003
2.681621e+003
2.875601e+003
3.113790e+003
3.134467e+003
-3.293127e+003
2.748070e+003
2.900917e+003
3.094855e+003
-3.111423e+003
-2.888384e+003
-3.274980e+003
-3.150087e+003
-2.767286e+003
-3.040169e+003
2.727389e+003
2.574911e+003
3.082395e+003
2.904444e+003
-2.807923e+003
-3.331290e+003
2.923920e+003
2.927386e+003
-2.677724e+003
2.722877e+003
-2.924463e+003
-2.422068e+003
-2.735633e+003
-2.900685e+003
2.615787e+003
2.497271e+003
3.098939e+003
-2.655446e+003
-2.879195e+003
-2.894294e+003
3.162220e+003
2.735378e+003
-2.889483e+003
-2.451534e+003
-2.945048e+003
-2.445963e+003
3.198449e+003
2.749728e+003
2.588170e+003
2.518646e+003
-3.108570e+003
3.188839e+003
-2.892351e+003
3.089667e+003
-3.413547e+003
2.403490e+003
2.469980e+003
3.098714e+003
-3.288522e+003
-2.557514e+003
3.132306e+003
-2.545536e+003
-2.479203e+003
2.609621e+003
2.861759e+003
-3.207933e+003
-3.019300e+003
-3.399299e+003
-3.081503e+003
2.793897e+003
3.135878e+003
-2.742233e+003
3.264698e+003
-3.304622e+003
2.793234e+003
2.930053e+003
-2.510424e+003
-2.586518e+003
-2.838033e+003
-2.667903e+003
2.685342e+003
-2.526486e+003
-2.866482e+003
-2.821140e+003
3.024439e+003
2.860691e+003
3.137918e+003
2.728941e+003
-3.380112e+003
-2.905167e+003
-3.166269e+003
-2.541361e+003
-3.113462e+003
-2.486491e+003
-2.776076e+003
2.620497e+003
-2.625655e+003
2.976748e+003
2.783070e+003
2.781253e+003
2.977239e+003
2.714788e+003
-3.007246e+003
2.280931e+003
-2.838919e+003
-2.830395e+003
-2.694782e+003
-3.042245e+003
-3.149140e+003
3.123034e+003
-2.909458e+003
2.569495e+003
2.639289e+003
3.139464e+003
2.875021e+003
-2.773880e+003
-3.013521e+003
2.919567e+003
2.929531e+003
-3.619744e+003
-3.013053e+003
3.229699e+003
3.126020e+003
-2.561466e+003
-3.450258e+003
2.860988e+003
-3.270835e+003
-2.785755e+003
-3.188379e+003
-3.023201e+003
2.988331e+003
-2.579499e+003
-2.619874e+003
2.471637e+003
3.034749e+003
-3.197668e+003
3.147002e+003
2.644703e+003
-2.936552e+003
-2.599127e+003
-3.519977e+003
3.115173e+003
3.238887e+003
2.528669e+003
-2.991892e+003
-2.716079e+003
3.144367e+003
-2.906942e+003
-3.552518e+003
-2.819515e+003
2.356439e+003
2.393854e+003
-3.362930e+003
3.225861e+003
-2.762524e+003
-3.038522e+003
-2.932518e+003
-2.848660e+003
2.418859e+003
3.224543e+003
-3.146369e+003
2.718639e+003
-2.847968e+003
2.919029e+003
-3.105391e+003
-3.173810e+003
3.192770e+003
3.075130e+003
-3.221809e+003
2.458774e+003
-2.562403e+003
2.793697e+003
3.032247e+003
-3.070507e+003
2.877345e+003
-2.758911e+003
-2.937748e+003
-3.142958e+003
-2.906481e+003
2.675216e+003
3.167146e+003
-2.537294e+003
3.087512e+003
-3.061608e+003
2.977185e+003
-3.121843e+003
2.846765e+003
3.101917e+003
2.806989e+003
2.835269e+003
2.918049e+003
2.753729e+003
-2.937938e+003
-3.182663e+003
3.078787e+003
2.762203e+003
-3.102812e+003
-2.822137e+003
2.946775e+003
-2.586247e+003
-2.920933e+003
-2.996960e+003
-2.951475e+003
2.729645e+003
2.668686e+003
2.615984e+003
2.819060e+003
-2.906581e+003
2.746731e+003
-2.750410e+003
2.814819e+003
2.828900e+003
-2.491577e+003
2.906056e+003
3.200462e+003
2.886920e+003
-2.792038e+003
-3.178678e+003
2.962119e+003
2.818830e+003
-3.135001e+003
-2.561516e+003
-2.647010e+003
-2.950298e+003
-3.112553e+003
-3.092441e+003
-2.993741e+003
-2.353905e+003
2.391090e+003
-2.663444e+003
2.750372e+003
2.871414e+003
-3.256065e+003
3.297188e+003
-3.103023e+003
2.735933e+003
3.377321e+003
2.507800e+003
-3.076229e+003
2.696850e+003
-3.160954e+003
2.872452e+003
2.838621e+003
2.496508e+003
3.021989e+003
-2.938239e+003
2.824850e+003
-3.333957e+003
2.743924e+003
-3.307438e+003
-2.980119e+003
2.999856e+003
-2.887962e+003
-2.872526e+003
-3.065848e+003
-3.028559e+003
-2.707204e+003
2.769843e+003
2.894091e+003
-3.064878e+003
-2.758636e+003
3.141319e+003
2.815968e+003
-3.085137e+003
-2.608266e+003
-2.654679e+003
3.087437e+003
-3.093550e+003
-2.684753e+003
2.607646e+003
2.807383e+003
-2.899972e+003
3.134120e+003
2.595602e+003
-2.865353e+003
-2.827959e+003
2.969080e+003
2.746236e+003
-3.097596e+003
2.795021e+003
2.945258e+003
-2.984121e+003
-3.061712e+003
2.586511e+003
-3.319611e+003
3.161382e+003
-3.018229e+003
3.135897e+003
-2.435923e+003
2.549981e+003
-2.606876e+003
-2.789956e+003
2.854450e+003
-2.986039e+003
-2.848929e+003
3.239034e+003
-2.850495e+003
-2.692918e+003
3.073913e+003
2.959917e+003
-2.712814e+003
-3.193688e+003
-3.013646e+003
-2.866529e+003
-2.809120e+003
-2.941178e+003
2.786564e+003
-2.592925e+003
2.838367e+003
-2.554582e+003
3.581496e+003
-2.951405e+003
2.921512e+003
3.150478e+003
3.041979e+003
3.095570e+003
2.846976e+003
2.990606e+003
-3.202799e+003
2.994311e+003
2.854821e+003
2.843728e+003
-2.593633e+003
2.709712e+003
3.195016e+003
3.380873e+003
2.845679e+003
2.696728e+003
-2.929171e+003
2.405909e+003
2.853860e+003
2.819770e+003
-2.484790e+003
2.779989e+003
-2.758725e+003
-2.928403e+003
-2.872447e+003
-2.590335e+003
3.163716e+003
3.036146e+003
2.831464e+003
2.512687e+003
3.125819e+003
-3.127269e+003
-2.389630e+003
-2.660405e+003
-2.308803e+003
2.556576e+003
2.845182e+003
-2.513222e+003
-3.191264e+003
3.014508e+003
-3.272549e+003
2.628767e+003
-2.870341e+003
3.135724e+003
-3.203243e+003
-3.196727e+003
2.805904e+003
-2.750907e+003
-3.044305e+003
3.226663e+003
2.461601e+003
2.682711e+003
-2.671697e+003
-2.880767e+003
2.508210e+003
3.041084e+003
-2.682130e+003
-2.978537e+003
-2.792824e+003
2.914564e+003
-2.786868e+003
3.281160e+003
-2.468115e+003
2.913171e+003
-2.487985e+003
-3.236425e+003
2.406237e+003
-2.984633e+003
-2.712757e+003
-2.925202e+003
-2.750850e+003
-2.728042e+003
-2.872887e+003
-2.959793e+003
-2.996394e+003
2.838194e+003
3.127396e+003
3.114616e+003
2.807465e+003
2.715368e+003
-2.217274e+003
-3.164478e+003
3.197626e+003
-2.740639e+003
-2.859277e+003
2.780997e+003
2.959074e+003
2.715408e+003
2.542574e+003
2.714629e+003
3.114057e+003
3.281715e+003
2.549626e+003
2.974788e+003
2.896862e+003
-2.911844e+003
3.290343e+003
-2.901524e+003
2.588809e+003
2.529141e+003
-2.930307e+003
3.068428e+003
-3.251123e+003
2.608304e+003
3.173934e+003
-3.016996e+003
2.825560e+003
-2.784160e+003
-2.825881e+003
-3.078629e+003
3.120832e+003
2.744355e+003
2.633875e+003
2.868637e+003
2.918113e+003
2.339292e+003
2.817799e+003
2.575169e+003
2.794592e+003
-2.911723e+003
-2.457189e+003
2.895535e+003
-2.785286e+003
2.854861e+003
-2.712616e+003
2.659756e+003
-2.888262e+003
-2.732188e+003
2.681996e+003
3.194287e+003
3.708807e+003
3.359666e+003
2.849976e+003
-2.627664e+003
2.908240e+003
3.117813e+003
2.905278e+003
2.633782e+003
3.018521e+003
-2.270564e+003
2.987872e+003
3.108163e+003
-2.838092e+003
-2.762493e+003
-2.660146e+003
2.792695e+003
2.888650e+003
3.255582e+003
2.975228e+003
3.038233e+003
-2.979061e+003
3.114303e+003
-2.898957e+003
2.842976e+003
-2.936248e+003
-3.063730e+003
2.978530e+003
3.360339e+003
-3.353539e+003
-2.925045e+003
-2.549882e+003
-2.961789e+003
-3.008712e+003
2.660756e+003
2.744351e+003
2.763686e+003
2.888792e+003
-3.159690e+003
2.982665e+003
2.886324e+003
2.852270e+003
-2.870228e+003
-3.322774e+003
3.176115e+003
2.766129e+003
3.047739e+003
-3.093030e+003
-3.021257e+003
2.935062e+003
2.890013e+003
3.284313e+003
3.542160e+003
-3.019204e+003
2.945644e+003
3.058763e+003
-2.623265e+003
3.234828e+003
-3.326299e+003
3.051488e+003
-3.457070e+003
-2.912574e+003
-2.694089e+003
2.656706e+003
-2.733329e+003
2.839911e+003
3.082132e+003
-2.577073e+003
2.879602e+003
2.742399e+003
2.707717e+003
-2.993057e+003
-2.779589e+003
-2.267665e+003
-2.941134e+003
2.968310e+003
-3.175640e+003
2.827441e+003
2.752489e+003
-2.687416e+003
-2.435117e+003
2.420912e+003
3.029216e+003
2.721041e+003
-2.860753e+003
-2.959507e+003
2.652487e+003
-2.670844e+003
-2.987644e+003
-2.668859e+003
3.634706e+003
3.373168e+003
2.720160e+003
-2.726631e+003
-2.536577e+003
3.085811e+003
-2.650090e+003
-3.143687e+003
2.739515e+003
-2.782173e+003
2.618144e+003
-2.828287e+003
3.103637e+003
2.931586e+003
-3.089631e+003
-2.640397e+003
-2.696485e+003
-2.934493e+003
-2.754976e+003
2.708400e+003
2.797804e+003
-3.072491e+003
-2.733906e+003
2.941079e+003
2.705032e+003
-2.755673e+003
-2.863766e+003
3.336529e+003
-2.965487e+003
2.665240e+003
-2.741328e+003
2.829902e+003
2.898763e+003
-2.994745e+003
-2.510419e+003
3.100355e+003
-2.802342e+003
2.647787e+003
2.700169e+003
-2.910192e+003
-2.600264e+003
2.833991e+003
-2.896498e+003
2.633551e+003
-2.809530e+003
-2.966510e+003
3.256307e+003
-2.650186e+003
-2.936727e+003
-2.973368e+003
2.821695e+003
2.405523e+003
-2.413970e+003
-3.210698e+003
3.297883e+003
3.444868e+003
3.231271e+003
2.827136e+003
-3.450895e+003
3.088967e+003
2.800225e+003
3.598770e+003
2.825477e+003
2.944239e+003
-2.501904e+003
3.202333e+003
3.080396e+003
-2.782933e+003
2.712968e+003
3.345557e+003
2.875424e+003
3.322103e+003
-3.093762e+003
3.083954e+003
2.712867e+003
-2.771470e+003
3.033128e+003
2.785004e+003
2.746670e+003
-2.826133e+003
-2.806367e+003
2.610647e+003
2.827436e+003
-2.789119e+003
-3.124807e+003
-2.168853e+003
-2.817470e+003
-2.627279e+003
-2.418415e+003
-2.759248e+003
2.827378e+003
-2.921317e+003
-2.775275e+003
-2.426959e+003
2.525938e+003
-2.429641e+003
2.596477e+003
2.968306e+003
2.889547e+003
3.071962e+003
-2.915086e+003
2.787584e+003
3.113467e+003
3.110956e+003
3.060466e+003
2.709684e+003
-2.766848e+003
-2.496750e+003
3.041462e+003
2.673918e+003
2.689263e+003
-2.657577e+003
2.965250e+003
-2.839926e+003
-2.577930e+003
-2.558274e+003
2.978892e+003
-3.008951e+003
-2.891820e+003
-2.675693e+003
3.013470e+003
3.012657e+003
3.403814e+003
-2.775460e+003
3.129086e+003
-3.422846e+003
-2.457994e+003
-2.629122e+003
-2.800623e+003
-2.725321e+003
3.012821e+003
3.216879e+003
-2.988574e+003
-2.459869e+003
2.931171e+003
-2.692845e+003
3.189849e+003
2.984994e+003
-2.656146e+003
-2.932193e+003
-3.204659e+003
2.577668e+003
3.329502e+003
-3.276316e+003
-2.515881e+003
-2.847506e+003
-2.936902e+003
-2.684902e+003
-2.885041e+003
2.329455e+003
3.040597e+003
-3.177092e+003
-2.589232e+003
2.815932e+003
2.765336e+003
-3.105040e+003
-3.138918e+003
-2.645145e+003
3.673204e+003
2.948578e+003
-2.476453e+003
-3.148022e+003
2.994491e+003
-3.164566e+003
2.583769e+003
2.483517e+003
-3.020312e+003
-2.612790e+003
-2.762481e+003
-3.096721e+003
-3.014862e+003
3.070794e+003
2.884403e+003
-2.665277e+003
2.742472e+003
-3.111369e+003
3.379352e+003
-3.338916e+003
-2.942439e+003
2.452486e+003
-3.042088e+003
-3.331202e+003
2.831607e+003
2.657250e+003
-2.854209e+003
-2.802678e+003
-3.165122e+003
3.010078e+003
-3.202520e+003
-2.627321e+003
3.016938e+003
3.185708e+003
3.134064e+003
2.880369e+003
2.974020e+003
-2.923467e+003
3.294928e+003
-3.144915e+003
-3.341206e+003
-3.431626e+003
2.560692e+003
2.943738e+003
-2.998217e+003
2.780111e+003
2.926904e+003
2.802229e+003
-2.438512e+003
2.780174e+003
-2.813212e+003
-3.136893e+003
3.188470e+003
3.119799e+003
3.118337e+003
-3.032068e+003
-2.808059e+003
-2.828528e+003
2.933016e+003
2.938738e+003
-2.903653e+003
2.631069e+003
2.723373e+003
-3.152562e+003
-2.841415e+003
2.802799e+003
-2.951859e+003
2.962940e+003
2.815557e+003
-3.091839e+003
3.289342e+003
2.666229e+003
3.105753e+003
2.800670e+003
3.240828e+003
-2.852824e+003
3.167593e+003
2.975781e+003
2.852299e+003
-2.882262e+003
-2.657595e+003
3.252395e+003
2.990601e+003
-2.852825e+003
3.104719e+003
-2.949852e+003
2.640171e+003
-2.973936e+003
-2.993911e+003
3.153778e+003
2.861881e+003
-2.710942e+003
-2.731320e+003
-2.540413e+003
2.507990e+003
3.146542e+003
2.866036e+003
-2.783638e+003
-2.278884e+003
2.803566e+003
-2.904696e+003
2.560726e+003
2.626583e+003
-2.873268e+003
3.166482e+003
3.334155e+003
-3.201189e+003
2.685929e+003
2.834507e+003
-3.183255e+003
2.921879e+003
3.124736e+003
2.902736e+003
3.123715e+003
-3.085322e+003
-3.289272e+003
-2.874252e+003
-2.659728e+003
-2.656824e+003
-3.042471e+003
2.994758e+003
2.614682e+003
-2.556123e+003
3.025815e+003
-3.164878e+003
2.802402e+003
-2.974103e+003
-2.668832e+003
-2.874138e+003
2.842591e+003
3.139201e+003
3.026163e+003
2.632603e+003
-2.866308e+003
3.161166e+003
2.909019e+003
3.126395e+003
-2.879122e+003
-2.963973e+003
2.999906e+003
-2.711251e+003
2.166858e+003
-3.373731e+003
-2.615914e+003
-2.936439e+003
2.659960e+003
2.513704e+003
-2.152161e+003
-2.779588e+003
-2.810524e+003
-2.997720e+003
-2.906202e+003
2.663832e+003
2.947360e+003
-2.277324e+003
2.787794e+003
-2.750510e+003
2.946857e+003
2.536561e+003
-2.589780e+003
-2.725589e+003
-3.140696e+003
-3.234277e+003
3.011523e+003
-2.622566e+003
3.123928e+003
3.221374e+003
3.037262e+003
-2.883180e+003
-2.742889e+003
-3.133666e+003
-2.670917e+003
2.586067e+003
-2.735898e+003
-2.679306e+003
2.629083e+003
-2.698249e+003
2.489760e+003
-3.062011e+003
-2.391979e+003
2.811249e+003
2.827720e+003
-2.764003e+003
-2.829405e+003
2.812274e+003
-2.595173e+003
-2.565149e+003
-2.535847e+003
2.714237e+003
2.677947e+003
3.058966e+003
-2.927029e+003
-2.703489e+003
2.733494e+003
2.817758e+003
2.711951e+003
-2.919059e+003
-2.735457e+003
-3.007011e+003
2.520651e+003
-2.702112e+003
-2.599083e+003
-2.511198e+003
-3.146885e+003
-3.165079e+003
2.537056e+003
-2.635754e+003
2.820496e+003
-2.713113e+003
-2.847829e+003
-2.922130e+003
2.576972e+003
3.267856e+003
-3.417268e+003
2.528802e+003
2.939750e+003
-2.694632e+003
-2.938292e+003
2.844926e+003
3.116632e+003
-3.238049e+003
-2.607053e+003
-2.703041e+003
2.929016e+003
-3.085244e+003
3.068053e+003
-2.821475e+003
2.529069e+003
-2.777356e+003
2.510902e+003
2.578241e+003
2.977195e+003
2.864303e+003
2.938844e+003
-2.440701e+003
2.583087e+003
2.598647e+003
3.210189e+003
2.867670e+003
-3.028809e+003
3.075194e+003
2.877430e+003
2.939631e+003
2.867995e+003
-2.770154e+003
-2.844965e+003
2.846901e+003
-2.764446e+003
2.881348e+003
2.801326e+003
2.776549e+003
3.040629e+003
-2.430900e+003
-3.137502e+003
2.899298e+003
2.350225e+003
3.348704e+003
-2.916965e+003
-3.184022e+003
3.131096e+003
-2.403071e+003
-2.741883e+003
2.293538e+003
2.843400e+003
2.835376e+003
-3.187978e+003
-2.459562e+003
-2.793110e+003
2.730429e+003
3.276041e+003
-3.500137e+003
2.170340e+003
2.841653e+003
3.196635e+003
-2.930535e+003
3.359539e+003
-2.640655e+003
2.756594e+003
3.421669e+003
2.853848e+003
2.881324e+003
-3.356774e+003
-2.631482e+003
2.895110e+003
2.902378e+003
-3.081478e+003
-3.063856e+003
2.623624e+003
3.051172e+003
-2.723691e+003
2.915714e+003
-2.628070e+003
-3.265277e+003
3.017004e+003
3.111536e+003
-2.978333e+003
3.092591e+003
-3.186817e+003
2.705547e+003
3.034399e+003
-2.897062e+003
3.014294e+003
2.752402e+003
3.548967e+003
-3.181403e+003
2.728023e+003
2.955959e+003
-2.807405e+003
3.095301e+003
3.045776e+003
-2.694565e+003
-2.951151e+003
2.810779e+003
3.158647e+003
2.637617e+003
-2.902891e+003
-2.735779e+003
2.810937e+003
-3.253514e+003
-3.320658e+003
2.555382e+003
2.694661e+003
-2.776055e+003
-2.713251e+003
-2.669713e+003
2.628948e+003
2.748186e+003
3.254627e+003
-3.332262e+003
2.950942e+003
-2.934477e+003
-3.114278e+003
-2.537361e+003
3.159586e+003
2.345503e+003
3.156661e+003
2.989304e+003
2.862356e+003
3.072952e+003
2.492447e+003
-2.968604e+003
-3.418617e+003
-2.672233e+003
3.072527e+003
2.921078e+003
3.062844e+003
-2.731692e+003
-2.779727e+003
-3.042630e+003
-2.810834e+003
2.844146e+003
-2.799045e+003
2.485210e+003
3.356176e+003
-2.593722e+003
-3.148929e+003
3.041353e+003
3.278575e+003
-2.409274e+003
2.744079e+003
2.769377e+003
2.996265e+003
2.860735e+003
3.338076e+003
-3.291552e+003
-2.554742e+003
-3.127749e+003
-3.019887e+003
2.922248e+003
-2.482320e+003
-2.859871e+003
-2.602248e+003
2.850060e+003
2.692255e+003
-2.749387e+003
-2.709738e+003
-2.303284e+003
-2.944675e+003
2.853115e+003
-2.942399e+003
-2.988195e+003
2.815332e+003
2.680160e+003
2.812925e+003
3.049048e+003
-2.770457e+003
-2.898822e+003
2.836854e+003
-3.306423e+003
3.094031e+003
-3.122044e+003
-3.122485e+003
-3.135980e+003
2.998035e+003
-2.541309e+003
3.008299e+003
2.916749e+003
-3.253148e+003
